gdal2agswps/data/aaigrid
ncols        633
nrows        466
xllcorner    590010.000000000000
yllcorner    4914020.000000000000
cellsize     30.000000000000
[rows 336 to 377 of 466, columns 282 to 375 of 633]
224 219 215 210 207 205 199 198 197 198 200 202 202 202 196 197 199 201 202 203 204 204 200 198 195 192 190 189 188 188 184 187 191 194 196 199 202 205 208 210 213 215 216 216 215 214 211 213 217 222 227 231 234 235 243 244 246 249 251 251 248 246 241 240 238 238 237 236 233 231 227 225 221 217 213 211 210 209 211 211 212 212 212 210 208 207 207 206 204 202 202 203 205 206
223 218 214 210 207 205 201 200 199 200 203 205 205 205 199 200 202 203 205 206 206 206 203 202 199 196 194 192 191 191 186 189 192 194 197 200 204 207 210 212 215 218 219 219 217 215 213 216 219 224 229 233 237 238 246 246 247 248 249 248 245 243 238 236 234 233 233 232 229 226 223 221 218 214 211 210 209 209 210 210 211 211 209 208 206 205 204 203 201 200 201 202 204 206
222 217 213 209 206 205 204 203 202 203 206 208 209 208 203 204 206 207 208 209 209 209 207 205 203 200 197 195 194 194 190 192 195 196 199 202 207 211 212 215 219 223 224 223 220 218 217 219 222 226 231 236 240 242 247 248 248 247 246 243 241 239 234 231 229 227 226 225 222 220 217 216 213 210 208 207 207 208 208 208 208 207 206 204 202 201 199 198 197 198 199 201 203 205
221 217 212 209 207 206 207 205 204 206 209 211 211 211 206 207 208 209 210 210 210 210 208 206 204 201 199 196 195 194 194 196 198 200 202 206 211 216 215 218 223 227 229 227 225 223 220 221 223 226 231 236 241 244 246 247 247 246 243 240 238 237 231 228 225 222 221 219 216 214 211 209 207 206 205 205 205 206 206 206 205 203 202 200 199 198 194 194 195 196 198 201 203 205
222 218 214 211 210 209 210 208 207 208 210 212 212 212 208 209 210 210 210 210 210 209 207 206 204 201 198 195 193 192 198 200 203 205 207 210 215 219 219 222 226 230 232 231 229 228 223 223 223 225 229 235 240 243 244 245 246 244 239 236 236 237 231 227 223 219 217 215 212 210 205 204 203 202 201 202 203 204 203 202 201 200 198 197 197 196 193 194 195 197 200 202 204 206
225 220 216 214 213 213 214 213 211 211 212 214 213 212 210 210 211 211 211 210 209 209 208 207 205 203 200 196 193 192 200 203 207 210 212 215 218 221 223 225 228 231 233 234 233 233 227 225 224 224 227 233 238 242 243 245 245 242 236 233 233 235 231 227 221 217 214 212 209 207 202 201 200 199 199 200 201 202 200 199 198 197 196 196 196 196 195 196 198 200 203 205 207 208
227 222 219 217 217 217 220 218 215 215 215 216 215 213 212 213 213 213 212 211 210 209 211 211 209 207 204 200 196 194 201 205 211 215 217 219 221 222 226 227 229 231 233 235 236 236 231 229 226 225 227 232 237 241 245 247 246 241 233 228 229 231 231 226 220 215 212 209 206 204 200 199 198 197 197 198 199 200 198 197 196 195 195 196 197 197 198 199 201 204 206 208 209 210
229 224 220 219 219 220 224 221 219 217 218 217 216 215 214 214 214 214 214 212 211 210 214 214 213 211 207 203 199 197 202 206 213 218 220 221 222 223 227 228 229 230 232 235 237 239 234 231 228 226 227 232 237 241 247 249 248 241 231 225 226 228 230 225 219 213 210 207 204 202 200 199 197 196 196 197 198 199 197 196 195 194 194 196 197 198 200 202 204 206 208 210 211 211
234 231 227 224 221 220 226 225 223 222 222 221 219 217 219 219 219 218 215 212 209 207 211 213 215 213 209 205 202 201 202 205 210 216 221 226 230 231 233 234 235 237 238 239 240 240 237 233 229 226 228 234 242 247 245 246 244 239 230 224 223 224 225 223 221 216 211 206 202 200 199 197 195 196 197 199 199 198 198 196 193 192 192 196 200 203 205 205 206 207 210 213 216 218
233 231 229 227 226 225 228 225 223 222 222 222 220 219 220 220 220 218 216 213 211 209 212 214 215 214 210 205 203 202 204 206 211 217 223 228 231 233 236 236 237 238 239 240 241 241 239 236 231 229 231 237 243 248 247 246 243 237 230 225 222 221 222 221 220 216 212 207 203 201 199 197 195 195 196 197 196 195 194 193 192 191 192 195 198 200 204 205 206 208 211 214 216 218
232 231 231 230 229 229 229 226 223 221 222 222 222 221 221 221 220 219 217 215 213 211 213 215 217 215 211 207 204 204 207 209 214 220 225 230 234 235 239 239 239 239 239 240 241 242 241 239 236 234 235 240 245 249 248 245 239 234 229 224 219 216 217 218 217 216 213 209 204 202 199 197 194 193 193 193 192 190 190 190 190 191 192 194 196 197 202 204 207 211 214 215 216 217
231 230 229 229 228 228 229 226 222 221 222 223 222 222 221 221 220 219 217 216 214 214 214 217 218 217 214 210 208 207 211 214 218 223 229 233 236 237 240 239 237 236 236 238 239 241 243 241 239 238 239 242 246 248 246 241 234 230 226 222 215 210 212 213 214 214 212 209 205 203 200 197 193 191 190 189 187 185 187 188 190 192 193 195 196 196 200 203 208 212 215 216 216 215
229 227 226 225 224 223 227 225 222 221 222 223 222 221 220 219 218 217 216 215 215 215 215 218 220 220 218 215 213 213 217 219 223 228 232 235 238 239 237 235 233 231 231 233 236 238 243 242 241 241 241 243 245 246 242 237 230 225 222 217 211 205 208 209 210 211 210 207 205 203 200 197 193 190 188 187 184 182 185 187 189 192 194 196 196 197 200 203 208 212 215 215 213 212
227 225 223 221 220 219 224 223 221 222 223 223 221 219 217 216 215 214 214 214 214 214 216 219 222 223 222 220 219 219 224 225 228 232 235 237 239 239 233 231 228 226 226 229 233 236 240 241 241 241 241 241 241 241 237 234 229 224 219 214 209 205 206 206 206 206 205 204 204 203 199 196 192 189 187 185 183 180 184 185 188 191 194 196 197 198 201 203 207 211 212 212 211 209
225 224 222 220 219 219 221 220 221 222 223 222 219 217 214 213 212 211 211 211 212 213 216 220 224 226 226 225 225 226 229 230 233 235 237 238 239 239 230 227 224 222 223 227 232 235 237 238 239 240 240 239 238 237 234 233 230 224 218 212 209 208 204 204 202 201 201 201 202 203 199 196 192 189 187 185 183 180 182 183 185 188 191 194 196 197 202 204 207 209 209 209 208 207
224 223 222 221 221 220 218 219 220 222 224 222 218 215 212 211 210 209 209 210 211 212 217 220 225 228 228 228 229 229 233 233 235 237 238 238 239 239 228 226 222 220 222 226 232 236 235 236 238 239 239 237 235 233 233 233 232 226 218 212 210 211 204 203 200 198 198 199 201 202 199 196 192 189 187 186 183 181 181 181 183 185 189 192 195 197 204 205 206 207 207 207 206 205
222 220 219 219 219 220 221 222 223 224 224 223 222 221 214 213 210 208 208 209 210 211 212 217 223 227 228 230 233 236 237 237 236 235 233 233 235 236 232 228 223 219 218 222 227 231 233 233 233 233 231 229 226 225 230 231 231 228 223 218 215 214 209 205 200 195 193 193 194 196 192 192 191 190 189 187 185 184 182 182 182 184 187 192 196 199 200 201 203 204 204 203 202 201
220 219 219 220 221 221 224 225 226 226 226 226 225 224 219 217 214 211 209 208 209 209 214 218 224 228 229 231 234 236 238 236 234 232 230 231 233 235 232 228 223 218 217 220 225 228 231 231 230 229 227 225 223 222 228 231 232 231 226 221 218 217 210 206 201 195 192 191 192 193 193 193 192 192 190 188 187 185 184 183 183 185 187 191 195 197 199 200 201 202 202 201 200 199
218 218 220 221 223 224 227 228 228 228 228 228 228 227 225 223 219 215 212 210 209 209 217 220 225 229 231 233 235 237 236 233 230 227 227 229 232 234 233 229 223 218 217 218 222 225 229 228 227 225 222 220 219 218 223 227 230 231 227 222 218 216 210 207 201 195 191 189 189 189 194 194 194 193 192 191 190 189 187 186 186 186 188 190 192 194 196 197 198 199 199 198 197 196
216 218 220 223 225 226 228 228 227 226 226 227 228 228 229 227 224 221 218 216 215 215 220 223 227 230 233 234 235 236 230 227 223 222 224 229 233 236 234 230 224 219 216 217 220 222 227 226 224 221 219 217 216 215 217 222 227 228 224 218 213 210 208 205 200 195 191 189 189 189 194 195 195 195 195 194 193 193 190 190 189 189 189 190 191 192 193 194 195 196 196 195 193 192
216 219 222 224 226 227 226 225 223 221 221 223 225 226 229 229 227 226 225 224 223 223 225 226 228 231 233 234 234 233 224 220 217 218 223 230 235 237 234 230 224 219 216 216 217 219 224 224 222 220 218 216 214 213 214 219 225 227 223 217 211 207 205 203 199 195 192 191 191 191 194 195 196 197 197 197 196 196 194 194 193 192 191 191 191 191 191 192 193 193 193 191 190 188
218 221 223 225 226 226 223 221 218 216 216 218 221 223 227 227 228 228 229 229 229 230 229 229 230 231 233 233 231 229 220 216 214 216 224 231 235 236 230 227 221 216 213 213 214 215 220 220 221 220 219 216 213 212 213 218 224 226 223 218 213 210 204 202 199 196 194 192 192 192 194 194 196 197 198 199 199 198 197 197 196 195 194 193 192 191 190 190 191 191 191 189 187 186
220 223 225 225 225 225 220 218 214 212 212 214 218 220 224 225 227 228 229 230 231 231 233 231 230 231 233 232 228 224 220 216 214 217 224 231 232 232 225 221 216 212 209 209 210 211 214 216 218 220 219 216 212 210 208 213 219 223 222 219 216 214 206 205 201 198 195 193 191 191 193 194 195 197 199 199 200 200 200 199 199 198 197 195 194 193 189 190 190 190 189 188 186 184
222 224 225 225 225 224 219 216 212 210 210 212 216 219 223 224 225 227 229 229 230 230 235 233 231 231 232 230 226 222 221 217 215 218 225 230 230 228 220 217 213 208 206 205 206 207 210 213 217 219 219 215 211 208 202 207 214 218 219 218 217 216 209 207 204 199 195 192 190 189 192 193 195 197 199 200 200 201 201 201 200 200 198 197 195 194 189 189 190 190 189 187 185 184
222 223 224 223 221 220 211 209 206 204 205 208 212 214 215 217 220 221 221 221 223 224 226 227 229 229 228 225 221 218 212 210 211 219 225 226 228 231 222 218 212 206 203 203 205 207 206 206 208 211 213 212 208 205 203 203 206 210 214 215 213 211 205 206 205 201 195 191 188 188 192 193 194 197 199 201 203 204 204 203 202 200 199 199 199 199 199 198 197 195 192 189 186 185
222 224 224 221 218 216 209 207 204 202 202 204 207 209 212 215 217 218 218 218 220 221 222 224 226 227 226 223 219 217 211 208 210 217 223 225 228 231 224 221 215 210 206 204 204 205 203 203 204 207 210 210 208 206 200 201 203 207 211 212 211 210 202 202 201 197 193 190 190 191 194 194 196 198 200 202 203 204 204 204 203 203 202 201 201 201 201 201 200 198 195 192 190 188
223 224 223 219 214 211 204 202 200 198 198 199 201 203 208 211 213 214 214 214 215 216 217 219 222 223 223 220 217 215 209 206 207 214 220 223 226 230 227 225 221 216 211 208 206 204 201 200 201 203 206 208 207 206 197 197 199 202 207 209 209 208 198 198 195 192 189 189 192 194 196 197 198 199 200 202 203 203 204 204 206 206 206 205 204 203 204 204 203 201 199 196 194 193
223 224 222 216 209 205 198 197 196 195 195 196 198 199 204 206 209 210 209 209 210 211 213 215 218 220 220 219 216 215 207 203 203 209 216 219 223 228 228 227 225 222 219 215 211 209 204 202 200 200 202 204 204 204 196 195 196 199 203 206 207 206 198 196 192 187 184 186 190 195 198 198 199 200 200 201 201 202 203 205 207 209 210 209 207 206 207 206 206 204 203 200 198 197
222 223 219 212 205 200 193 192 191 190 191 194 196 198 200 202 204 205 204 204 205 206 209 211 215 218 219 218 216 215 207 201 200 205 211 214 220 225 225 226 227 227 225 222 219 217 210 207 203 201 201 201 200 199 196 195 194 196 199 203 204 204 199 196 190 184 181 182 187 192 197 198 198 198 199 199 200 200 202 204 207 210 211 210 209 208 208 208 208 207 205 204 202 201
221 220 216 209 202 198 191 189 186 184 185 189 193 195 195 197 199 199 198 198 198 199 204 207 211 215 217 217 216 215 207 201 198 201 206 210 215 221 222 223 225 227 227 225 223 221 217 213 208 205 203 201 199 197 197 195 192 192 195 199 201 201 199 196 190 183 179 180 185 189 195 195 195 196 197 197 198 198 201 203 205 208 210 210 210 210 210 210 210 210 209 208 206 205
219 217 213 207 201 198 192 188 183 179 178 181 186 189 189 191 193 193 192 191 192 193 199 202 207 211 214 214 214 213 207 200 196 198 203 206 211 217 219 221 223 224 224 223 222 221 220 217 212 209 206 204 200 197 197 193 190 189 191 194 196 197 197 194 189 183 179 180 185 189 191 191 192 193 194 195 196 196 200 201 203 205 207 209 211 211 213 214 214 214 213 212 211 210
218 215 211 206 201 198 194 189 181 175 173 176 180 184 185 187 189 189 187 187 187 188 196 199 204 208 211 212 212 211 208 200 195 197 200 204 209 215 218 219 220 221 221 221 219 219 222 219 215 212 209 206 202 199 196 192 188 186 187 190 192 193 195 192 188 183 180 181 186 190 188 189 190 191 192 193 194 195 199 200 201 203 205 208 211 212 216 216 216 217 216 215 214 213
214 211 209 205 201 197 193 187 179 173 171 170 171 171 172 176 179 179 177 177 180 183 193 197 204 208 209 208 208 208 208 201 193 189 191 197 204 208 215 217 219 218 216 215 215 216 215 216 218 217 214 208 201 197 194 191 187 185 184 183 182 180 185 184 183 182 181 181 181 181 183 183 184 186 188 191 193 195 198 200 202 203 203 204 207 209 213 214 216 217 218 218 217 216
212 209 207 203 199 195 191 185 176 170 166 165 164 164 167 170 172 172 171 172 177 181 190 195 201 205 206 206 206 206 206 200 192 188 191 197 203 207 213 214 215 215 213 212 212 213 213 214 216 216 213 208 203 199 195 191 187 185 184 183 181 179 180 180 179 179 179 180 182 182 184 185 185 187 189 191 193 194 196 198 201 202 202 203 205 207 210 212 214 217 219 220 220 220
210 207 204 201 196 192 187 181 172 165 161 158 156 155 159 161 163 163 163 166 173 179 186 191 197 201 202 203 203 204 203 197 191 188 190 196 202 205 209 210 211 210 208 207 208 209 211 212 214 215 213 210 206 203 197 193 189 187 185 183 181 178 175 175 175 176 178 181 183 185 187 187 187 188 189 191 193 194 194 196 198 199 199 200 203 205 207 209 212 215 218 221 222 223
208 205 203 199 194 190 182 176 168 160 156 153 151 149 151 152 154 154 155 161 170 177 184 188 193 197 198 199 200 201 199 195 189 187 190 196 201 204 205 207 207 206 204 204 205 207 210 211 213 214 213 211 209 208 200 197 193 191 189 186 183 180 173 173 174 175 179 183 187 189 190 190 190 190 191 192 193 194 193 195 197 198 198 199 201 203 206 207 210 213 216 219 221 222
207 204 200 196 191 187 176 171 163 157 153 150 148 146 144 146 147 148 150 157 167 175 182 185 190 193 194 194 195 197 195 191 187 186 190 195 200 202 202 203 204 203 202 203 205 208 211 212 212 213 212 211 210 210 204 201 198 195 193 191 187 184 177 177 177 178 181 186 190 193 192 192 192 192 192 193 194 195 194 196 198 199 199 200 202 204 208 209 210 212 214 216 218 219
204 200 197 193 188 184 172 167 160 154 150 147 143 141 139 141 143 144 147 154 164 172 180 183 186 188 188 188 189 190 189 186 183 184 187 192 196 198 199 200 201 200 200 202 206 209 212 211 210 210 209 208 208 208 206 203 201 199 197 195 191 187 184 183 181 181 183 187 191 194 194 193 193 193 194 195 196 197 196 198 201 202 202 203 205 207 212 212 212 213 214 216 218 219
200 196 193 188 183 179 170 165 157 151 146 141 137 134 134 137 140 142 144 151 160 168 177 179 182 183 182 181 182 183 182 180 178 179 183 188 191 193 194 195 197 197 198 201 206 209 211 210 208 205 204 203 202 202 205 203 201 200 199 197 193 189 190 188 185 184 184 187 190 193 194 194 194 194 195 197 198 199 200 202 204 205 205 206 208 211 215 215 215 215 217 219 222 223
197 193 190 185 180 176 170 164 156 149 143 137 132 129 131 134 138 140 143 149 158 165 175 177 179 179 178 177 177 178 177 175 174 176 180 185 188 189 191 192 194 195 196 200 205 209 210 208 205 202 200 199 198 198 204 202 201 200 199 197 193 190 194 191 188 185 184 186 189 191 194 194 194 195 196 198 199 200 202 204 207 207 208 208 211 213 216 216 217 218 220 223 226 227
194 190 186 179 172 167 159 155 149 142 136 132 130 129 129 129 131 134 140 147 154 158 173 171 170 171 173 173 170 167 164 166 169 171 173 175 178 180 184 188 195 199 201 202 203 204 206 206 204 200 196 194 195 196 195 198 200 200 199 198 197 198 192 192 192 192 191 191 191 191 196 196 196 195 195 198 202 206 204 206 209 211 213 214 214 214 221 221 222 223 224 225 225 226
191 187 182 175 168 162 155 152 146 140 134 131 129 128 128 128 130 133 139 145 152 156 167 165 164 166 168 168 166 163 159 161 165 169 171 175 179 183 186 191 197 200 201 201 202 202 203 203 202 198 194 191 190 190 192 195 198 199 198 197 196 196 194 194 193 193 193 193 193 193 197 197 196 195 195 197 201 205 204 206 209 212 215 216 216 216 221 221 222 222 223 223 223 223
