gdal2agswps/data/aaigrid
ncols        633
nrows        466
xllcorner    590010.000000000000
yllcorner    4914020.000000000000
cellsize     30.000000000000
[rows 420 to 461 of 466, columns 282 to 375 of 633]
179 176 171 166 162 160 154 153 149 146 147 152 160 166 170 168 165 160 158 162 169 175 186 189 193 196 198 199 199 199 200 201 203 207 209 209 206 203 196 193 188 184 184 185 187 189 189 185 182 182 184 186 186 185 181 182 183 185 188 192 194 196 197 198 200 202 205 207 209 210 211 214 218 220 221 222 224 226 227 229 231 233 233 232 230 228 221 219 216 213 213 215 217 219
179 176 172 166 163 162 157 155 152 149 149 153 161 167 171 171 169 165 161 162 168 173 184 188 194 198 200 201 202 203 203 204 206 208 210 209 205 202 196 191 185 182 183 186 189 190 190 186 181 180 183 186 185 184 183 183 184 186 188 191 193 195 196 197 199 201 203 206 208 208 211 214 217 219 219 220 222 224 225 227 230 232 234 233 232 231 226 224 220 216 214 215 216 217
178 177 172 167 164 164 159 158 155 152 151 155 161 166 172 174 175 171 166 165 169 173 181 186 193 197 199 200 203 206 207 207 208 210 210 208 204 200 196 191 185 182 184 188 191 192 191 186 180 179 183 186 185 183 185 185 186 187 189 191 193 194 195 196 198 200 203 205 207 208 210 213 216 218 218 219 221 223 224 226 230 233 235 236 235 234 232 230 226 222 219 217 217 217
177 177 172 167 165 165 161 160 157 154 153 155 161 165 173 176 179 176 171 168 170 173 180 185 191 195 197 200 204 207 209 209 209 210 210 208 203 199 198 192 185 183 186 190 193 194 192 186 180 179 183 186 185 183 187 187 187 188 189 191 192 193 195 196 197 200 202 204 206 207 210 213 216 218 218 219 220 222 224 227 231 234 237 238 237 237 237 234 230 226 222 219 218 217
173 174 172 170 168 168 166 164 159 154 151 154 160 165 176 178 181 181 179 176 175 176 180 183 187 192 197 200 202 202 206 207 208 211 211 209 204 200 197 194 189 187 187 190 194 196 191 190 187 184 183 183 184 185 188 187 187 187 188 190 192 193 194 195 197 200 202 205 207 208 211 213 216 217 217 219 221 223 228 228 229 230 232 235 237 238 237 236 233 230 227 224 222 220
170 171 170 168 168 169 167 164 159 154 151 154 159 164 173 177 182 185 184 181 180 179 183 185 188 192 196 199 201 202 206 206 208 211 212 210 206 202 200 196 192 189 190 193 196 198 193 191 188 186 185 185 186 186 189 188 188 188 188 190 191 192 195 196 197 200 202 205 206 207 210 213 215 217 217 218 221 223 227 227 228 230 232 234 236 238 237 236 235 233 230 227 224 223
166 167 166 167 169 171 168 165 160 155 152 153 158 162 169 175 183 188 189 188 186 185 188 188 190 192 195 198 200 202 205 206 209 212 214 212 208 204 204 200 195 192 193 196 198 198 194 192 190 188 186 186 187 187 191 190 190 189 189 190 191 192 195 196 198 200 202 204 206 207 210 212 215 216 216 218 220 223 226 226 227 228 231 233 235 236 237 237 238 237 235 232 229 227
163 164 165 167 170 173 169 167 162 157 153 153 157 161 167 173 181 187 190 191 192 193 193 193 192 193 195 197 200 202 205 206 209 213 215 214 211 207 206 201 195 194 196 198 199 198 194 193 191 189 188 187 187 188 192 192 192 191 191 191 191 191 195 196 198 200 202 204 206 207 209 211 214 215 216 217 220 222 224 225 226 227 229 231 234 235 236 238 240 241 240 237 234 231
163 164 166 169 173 176 172 170 165 159 155 154 157 160 167 171 177 183 187 192 196 200 197 196 196 196 197 199 201 203 205 206 209 213 216 215 211 208 205 200 194 194 197 199 199 197 194 193 192 190 189 188 188 188 193 193 193 193 193 192 192 192 196 197 198 200 202 204 205 206 208 210 213 214 215 216 219 221 223 223 224 225 227 230 232 233 236 238 240 243 243 241 238 236
165 168 170 172 175 178 175 173 169 162 157 156 158 160 167 171 176 181 186 192 198 203 200 200 200 200 201 202 203 204 205 206 209 213 215 215 211 207 204 198 193 193 198 201 200 197 195 195 194 193 192 191 190 189 192 193 194 195 195 194 194 193 197 197 199 200 202 203 205 205 207 210 212 214 214 215 218 220 221 222 222 224 226 228 230 232 235 236 239 242 243 243 242 241
170 173 175 176 178 180 178 176 172 165 160 158 159 161 167 171 177 183 188 193 198 202 201 202 203 204 205 205 205 205 205 206 209 212 215 213 209 206 203 197 192 194 200 204 202 199 198 198 198 197 196 194 193 192 192 193 194 196 196 196 196 195 197 198 199 200 202 203 204 205 207 209 212 213 213 215 217 220 220 220 221 223 225 227 229 230 233 235 237 239 241 243 243 244
172 176 178 179 180 181 180 178 173 167 161 159 159 161 166 172 180 187 191 195 198 200 201 203 205 207 208 207 207 206 205 206 209 212 214 212 208 205 203 197 192 195 202 206 204 200 201 201 200 200 199 197 195 194 191 192 194 196 197 197 197 196 197 198 199 200 202 203 204 205 207 209 211 213 213 214 217 219 219 220 221 222 224 226 229 230 233 234 235 238 240 242 244 245
168 173 178 182 184 185 184 183 178 172 166 163 162 163 168 171 176 182 188 193 196 198 201 203 205 208 209 210 210 209 206 209 213 216 217 216 213 211 207 199 192 193 201 207 209 207 204 204 204 202 201 199 197 196 195 193 192 192 194 196 196 195 196 197 198 199 200 201 201 200 205 207 210 212 213 214 217 220 218 220 223 224 224 226 228 230 233 234 235 237 239 241 243 243
165 171 176 181 184 185 186 184 180 174 168 165 165 166 170 172 177 182 188 193 196 198 203 204 206 208 210 211 212 212 208 211 214 217 217 215 212 210 207 202 196 196 201 207 209 209 207 207 206 205 203 200 198 197 195 193 191 192 194 195 195 194 196 197 198 199 200 200 200 200 204 206 209 211 212 213 216 219 217 220 222 224 224 225 228 230 233 233 235 237 239 241 242 243
161 168 174 179 182 184 187 186 183 178 173 170 170 171 174 175 179 184 189 193 197 199 203 203 204 206 208 211 213 214 212 214 216 218 218 215 212 210 208 205 202 201 202 206 209 212 212 211 210 208 205 202 199 197 194 193 191 192 194 195 195 194 196 196 197 197 198 199 200 200 202 204 207 209 210 211 214 217 217 219 222 223 223 225 227 230 232 233 234 236 238 240 242 242
161 166 171 176 179 181 188 188 186 182 178 176 176 177 179 180 183 186 191 195 198 200 202 202 203 204 206 209 213 215 216 217 219 220 220 217 215 213 208 208 207 205 202 204 209 213 214 214 212 209 206 202 199 197 194 193 191 192 194 195 195 194 195 195 195 196 197 198 199 199 200 202 205 207 208 210 212 215 216 218 221 222 223 224 227 229 231 232 233 235 237 239 241 242
162 165 169 173 176 178 187 188 188 186 183 182 183 184 186 186 188 190 193 197 200 202 205 205 205 206 208 211 214 216 218 219 221 222 221 220 218 217 210 211 211 208 204 204 208 213 216 215 213 210 206 203 199 197 195 193 192 192 194 196 196 195 194 194 194 194 195 196 198 199 199 201 204 206 207 208 211 214 215 217 220 221 222 223 226 228 230 231 233 235 237 239 240 241
162 164 167 170 173 175 185 186 188 188 187 188 189 191 192 192 193 194 196 200 203 205 209 209 210 211 213 215 216 217 215 217 219 220 221 221 221 220 214 215 214 211 207 207 210 213 217 216 214 211 208 204 201 199 197 195 193 194 196 197 197 196 194 193 192 192 193 195 197 198 198 201 204 205 206 208 211 213 214 217 219 221 221 222 225 227 230 230 232 234 236 238 239 240
158 161 164 168 172 174 182 184 188 190 190 192 194 196 198 198 197 197 199 202 205 207 209 210 211 212 213 214 214 214 210 212 214 217 219 221 222 222 220 220 218 215 212 212 213 214 218 217 216 214 210 207 204 202 198 196 195 195 197 199 199 198 193 192 191 191 192 194 196 198 198 201 204 205 206 208 211 213 214 216 219 220 220 222 224 227 229 230 231 233 235 237 239 239
155 158 162 167 171 174 180 183 187 190 192 194 197 199 201 200 199 199 201 204 207 209 206 207 209 210 211 210 209 208 206 207 210 214 217 220 221 222 225 223 220 217 216 216 216 216 220 219 218 215 213 210 207 205 199 197 196 196 198 200 200 199 193 192 191 190 191 193 196 197 199 201 204 206 206 208 211 213 214 216 218 220 220 221 224 226 229 229 231 233 235 237 238 239
155 156 157 160 165 169 175 179 183 186 188 189 191 193 191 194 198 200 201 202 204 206 204 207 209 208 205 204 206 208 203 204 207 210 214 218 220 222 226 225 223 221 220 220 220 220 224 221 219 217 216 213 210 207 201 201 202 202 202 202 201 201 197 195 192 191 193 196 197 197 196 197 199 202 204 207 209 210 211 213 216 218 219 220 223 226 226 228 230 232 234 236 236 237
157 157 156 159 164 169 175 178 182 184 184 185 186 188 186 190 194 197 199 200 203 205 203 205 207 206 203 201 202 204 202 203 206 209 213 216 219 220 224 224 225 225 225 223 222 221 222 220 218 217 217 215 212 209 204 205 205 205 205 204 203 203 198 196 193 192 194 196 197 197 197 198 200 202 205 207 209 210 210 213 215 217 218 219 222 224 226 227 229 232 234 235 236 237
161 158 155 157 163 170 176 177 179 179 177 177 178 180 180 184 189 193 196 199 201 204 202 203 204 203 200 198 198 198 199 201 203 207 211 214 217 218 220 222 225 228 228 227 225 223 222 220 219 218 218 217 214 211 209 209 209 209 208 207 206 206 200 198 195 194 196 197 197 197 198 199 201 203 205 207 209 210 210 212 215 216 216 217 220 222 226 227 228 230 232 234 235 236
164 160 155 156 163 170 176 176 175 173 170 169 170 172 175 180 186 192 195 198 201 203 201 202 202 201 199 196 194 193 196 198 200 204 208 211 214 215 217 219 223 226 227 228 227 227 225 223 221 220 220 218 215 212 213 213 213 212 211 210 208 207 202 200 198 197 199 200 199 198 199 200 201 203 205 206 208 208 210 212 214 215 215 216 219 221 225 225 226 228 230 232 234 235
166 162 158 159 165 172 175 174 172 168 165 163 165 167 174 179 186 192 195 197 200 201 201 201 200 200 198 196 192 190 193 194 197 200 204 208 210 212 216 216 218 220 223 226 228 230 229 227 225 224 223 220 217 214 216 216 216 215 213 211 210 209 204 203 201 201 203 204 203 202 200 201 202 203 205 206 207 207 210 212 215 216 216 218 220 222 225 226 226 227 229 232 234 236
166 163 161 164 169 173 174 173 169 165 161 160 163 165 175 180 187 192 194 196 197 198 198 198 197 198 197 195 190 187 190 191 194 197 201 205 207 209 214 214 215 217 220 224 228 230 231 230 228 227 226 224 221 218 220 220 219 218 216 214 212 211 206 205 204 205 207 208 208 206 204 204 205 206 207 208 208 209 211 213 216 218 219 220 223 226 229 228 228 229 231 234 237 239
166 163 165 169 173 174 173 171 167 163 159 159 163 166 175 180 187 191 193 193 193 194 194 194 193 195 195 193 188 184 188 189 192 195 199 202 205 206 211 212 215 218 222 224 227 228 230 229 228 229 230 230 227 225 224 224 223 222 219 217 215 213 207 207 207 209 211 213 212 211 208 209 209 210 211 211 212 212 211 214 218 220 222 224 227 230 234 233 233 234 236 239 242 244
165 163 168 173 175 175 172 170 166 162 159 159 164 167 175 180 186 191 191 191 190 190 191 190 190 192 194 192 186 181 186 188 190 194 198 201 204 205 209 212 216 221 224 226 226 225 229 228 228 230 232 233 232 231 228 227 226 224 222 219 217 216 208 207 208 211 214 215 215 214 212 212 213 213 214 214 215 215 212 215 219 221 223 226 230 233 238 237 237 237 239 243 246 248
168 169 173 178 181 183 179 173 167 164 159 156 160 167 171 177 183 186 186 185 186 188 185 187 189 189 187 185 185 186 194 194 195 196 199 203 206 208 216 217 219 221 223 223 222 222 221 223 226 228 229 231 234 236 236 232 227 226 225 224 219 215 210 211 213 215 217 218 219 219 219 218 217 218 221 222 221 220 217 219 222 223 225 227 231 234 238 239 240 242 245 248 251 252
173 174 178 182 185 186 181 175 169 166 161 158 162 169 175 180 186 188 186 184 184 186 187 189 189 188 187 186 188 189 194 195 196 199 202 206 210 212 218 218 219 220 220 220 218 218 220 222 224 226 227 228 231 234 236 234 232 230 228 225 221 219 214 215 217 219 220 221 222 222 222 221 220 221 223 225 224 222 219 221 223 224 226 229 234 237 241 242 243 245 248 251 253 254
179 181 185 189 191 191 184 178 171 167 163 160 165 172 179 184 189 190 187 184 184 185 191 191 190 188 187 188 191 193 196 197 199 202 206 210 214 216 218 218 218 218 217 215 214 213 218 220 222 222 223 224 227 230 233 235 236 234 230 226 223 222 218 219 221 223 225 226 226 226 227 225 224 225 227 228 227 226 222 223 225 226 228 231 237 241 245 245 247 249 251 254 255 255
185 187 191 194 194 194 185 178 172 167 163 161 166 173 180 185 190 192 189 186 186 187 194 193 191 188 187 189 193 197 199 200 202 205 208 211 214 215 215 214 214 214 213 212 211 211 216 217 218 218 218 220 223 226 229 233 237 236 231 226 224 225 223 224 226 227 229 229 230 230 230 229 228 229 230 231 230 229 224 225 226 227 229 233 239 243 247 248 250 252 253 255 255 255
190 192 195 196 195 194 185 178 170 166 161 159 165 173 179 185 191 193 192 190 191 192 197 196 193 189 187 189 193 197 201 202 204 206 207 209 210 210 208 208 208 209 209 210 210 210 213 214 215 214 214 216 220 223 227 232 237 237 234 230 230 230 227 228 230 231 232 233 233 233 234 232 231 232 233 234 232 231 227 228 229 230 231 235 240 243 248 249 251 253 254 255 255 255
195 196 198 197 194 192 185 177 169 164 160 158 164 172 179 185 191 194 194 193 195 197 199 198 195 191 188 188 192 195 199 200 202 203 204 204 204 204 203 203 203 204 205 207 209 210 211 211 212 211 211 214 218 222 228 231 235 237 237 236 236 236 232 233 234 235 236 236 236 236 238 236 235 235 236 237 235 234 230 232 234 235 236 237 240 243 248 250 252 254 255 255 254 253
199 200 200 198 194 190 185 178 170 164 160 159 165 173 180 186 193 196 195 195 196 198 200 199 196 192 188 188 190 192 194 195 197 199 200 201 201 200 201 201 201 201 202 204 206 208 208 209 209 209 210 213 218 222 225 226 228 231 235 238 238 237 237 237 239 240 241 241 241 240 242 240 239 239 240 240 239 237 235 237 240 242 241 241 242 243 250 251 254 255 255 255 254 253
202 203 202 199 194 190 186 179 170 165 160 159 166 174 182 188 194 197 196 195 196 198 201 200 197 193 189 187 188 190 189 190 193 196 198 199 199 199 201 200 200 200 200 202 204 205 207 208 208 208 209 213 219 223 221 219 220 224 231 236 236 235 240 241 242 243 244 244 244 243 245 243 242 242 243 243 242 240 238 241 245 246 246 244 244 244 251 253 255 255 255 255 255 254
203 205 205 201 197 194 189 184 176 167 162 163 168 173 185 189 194 198 198 198 198 198 205 203 199 196 192 186 180 175 182 184 188 190 192 194 198 201 201 201 201 201 200 199 198 197 201 202 204 207 210 213 215 216 212 214 217 220 225 228 231 233 236 237 239 242 243 245 245 245 249 249 248 247 247 248 249 249 249 249 250 251 251 251 250 250 255 255 255 255 255 255 255 255
204 206 206 202 198 195 188 183 175 167 163 164 170 176 186 190 196 199 200 200 200 200 206 203 199 196 192 186 180 175 177 181 185 189 191 193 196 199 202 202 202 202 201 200 198 198 200 201 203 205 207 210 212 212 210 212 215 218 222 226 229 231 233 233 235 237 240 242 243 244 247 247 246 246 247 248 249 249 249 250 251 252 252 252 252 252 255 255 255 255 255 255 255 255
206 208 207 203 198 195 187 183 175 167 164 166 173 179 189 193 198 201 202 203 204 205 207 204 200 196 192 186 180 175 175 179 185 190 193 195 198 200 203 203 204 203 202 201 200 199 199 199 201 202 204 205 206 207 206 208 211 215 219 223 226 227 228 229 230 232 235 238 240 242 243 243 243 244 245 247 248 249 249 249 250 252 253 254 255 255 255 255 255 255 255 255 255 255
206 208 207 204 199 196 187 183 175 167 164 168 176 182 191 195 199 203 204 205 207 209 208 205 201 198 193 188 181 176 176 181 188 195 198 200 202 204 205 205 205 205 204 203 202 201 199 199 200 200 200 200 201 201 202 204 207 211 215 219 222 223 224 225 226 228 231 235 238 240 239 239 239 241 242 244 246 247 246 247 248 249 251 253 255 255 255 255 255 255 255 255 255 255
206 208 208 204 200 197 190 185 176 168 165 169 177 184 192 195 200 203 205 207 210 212 209 206 203 199 196 190 184 180 177 183 190 197 200 203 205 206 207 207 208 207 206 205 204 203 202 202 201 200 199 198 197 196 199 200 203 207 211 215 218 219 222 222 224 227 230 233 236 237 234 234 235 236 238 241 243 244 241 242 243 245 248 251 254 255 255 255 255 255 255 255 255 255
206 209 210 207 203 201 194 188 179 169 165 168 176 183 191 194 199 202 205 207 211 213 209 207 204 202 199 194 188 184 179 184 190 196 199 202 205 207 209 209 209 209 208 207 206 205 206 205 204 202 199 197 195 194 196 197 200 204 208 212 215 217 219 221 224 227 229 231 232 233 230 230 231 232 234 236 238 239 237 238 239 241 245 250 254 255 255 255 255 255 255 255 255 255
