gdal2agswps/data/aaigrid
ncols        633
nrows        466
xllcorner    590010.000000000000
yllcorner    4914020.000000000000
cellsize     30.000000000000
[rows 294 to 335 of 466, columns 0 to 93 of 633]
198 197 195 195 197 200 203 205 205 207 209 206 202 197 196 196 199 203 205 202 199 196 189 181 172 171 170 169 169 170 171 172 171 166 160 156 154 155 155 155 156 158 163 167 168 168 166 164 161 160 158 156 155 153 152 152 152 155 159 163 169 178 187 193 198 201 206 210 212 215 218 221 223 226 229 231 234 238 234 227 223 219 215 211 208 204 199 196 187 182 177 175 174 172
194 193 191 190 192 195 198 200 200 202 204 202 198 194 193 194 196 199 201 198 195 192 184 175 165 164 163 162 163 164 165 166 167 162 156 152 151 152 152 152 153 156 161 166 168 168 166 165 162 161 158 156 154 153 152 152 152 155 159 165 172 181 191 197 200 204 208 211 213 215 218 220 225 227 227 227 231 235 233 228 224 220 216 212 209 205 200 197 188 183 177 176 176 174
197 192 186 183 184 188 191 193 195 195 196 195 194 192 190 189 191 192 193 195 194 186 174 165 156 155 153 151 151 152 154 156 162 159 155 150 147 147 148 149 151 154 159 165 169 172 173 174 169 166 161 156 154 154 156 157 157 158 161 167 175 185 193 198 205 207 211 215 218 220 221 222 226 228 230 230 230 230 232 234 226 224 220 216 212 207 201 196 190 187 182 178 175 173
202 195 186 179 178 181 184 186 188 189 190 190 189 187 185 183 183 185 187 188 185 177 166 159 151 150 148 146 146 147 149 150 156 154 152 149 148 148 148 149 152 155 160 166 171 174 175 175 172 169 164 160 158 158 159 161 160 161 164 170 178 187 195 199 205 207 211 216 219 222 223 223 227 228 229 228 227 228 230 233 226 224 220 216 212 206 200 195 188 186 183 180 177 173
208 199 187 177 173 173 175 176 178 179 181 181 181 179 176 174 172 176 179 179 173 164 156 151 144 143 142 141 141 142 143 144 149 149 149 148 148 148 149 149 152 156 161 168 173 176 178 178 177 174 170 166 164 164 166 167 166 167 170 175 182 190 197 201 206 208 213 217 221 223 225 225 228 229 228 226 225 225 229 232 228 225 221 217 213 207 200 196 191 189 186 184 181 176
209 202 190 181 175 171 170 169 168 169 170 171 170 168 165 164 162 168 173 171 164 155 148 146 140 140 139 139 139 140 141 142 146 147 148 149 149 149 148 147 152 156 162 169 175 179 181 182 182 180 177 174 172 172 174 175 173 174 177 181 187 194 200 203 208 210 214 218 222 225 226 227 230 229 228 225 223 224 228 231 230 228 224 220 216 210 203 199 197 194 190 187 183 178
207 203 195 188 182 176 170 166 161 161 161 161 159 158 156 155 157 162 167 166 159 151 145 143 140 140 140 140 141 142 142 143 147 148 150 150 150 148 146 145 152 156 162 170 176 181 184 185 187 186 183 181 180 180 181 182 181 182 185 188 193 198 203 205 210 212 216 220 223 225 226 226 230 229 227 225 223 224 228 231 233 230 227 223 220 214 208 204 203 198 191 185 182 179
207 204 199 194 189 181 173 168 159 157 155 153 150 149 149 149 152 156 160 160 156 150 144 141 141 141 142 142 143 144 144 144 149 149 150 150 148 147 144 143 151 155 162 170 177 183 186 187 192 190 189 187 187 187 188 189 189 190 192 195 198 202 206 207 212 214 217 220 223 224 224 224 226 226 226 224 222 223 226 229 234 232 229 226 223 218 213 208 204 199 191 184 181 180
211 207 202 196 191 184 177 172 160 157 152 147 144 144 144 145 148 149 151 153 153 149 143 138 140 140 141 142 143 144 144 144 147 147 147 147 146 145 144 143 149 154 161 170 177 183 187 188 194 194 192 192 191 192 192 193 194 195 197 200 203 205 208 209 213 215 218 220 222 222 222 222 220 221 222 222 221 221 224 226 232 231 228 226 224 220 215 211 206 201 195 190 187 185
214 209 203 196 190 184 178 174 161 157 150 144 141 141 142 144 144 144 145 149 151 148 141 135 138 139 140 142 142 143 143 143 144 144 144 144 144 144 144 144 149 153 161 169 177 183 187 188 196 195 194 194 194 194 195 195 197 198 200 202 205 207 209 210 214 216 218 220 221 221 221 220 216 218 220 220 219 220 222 223 231 229 227 226 224 221 216 212 208 205 201 198 195 192
213 208 202 195 188 181 174 170 157 155 150 145 141 140 143 145 144 143 143 144 144 143 140 137 139 139 139 140 140 141 141 141 139 140 141 141 141 141 144 146 152 156 163 169 175 181 187 191 195 196 197 198 198 198 198 197 200 200 201 204 207 211 214 217 218 218 218 219 218 217 217 216 214 211 210 213 219 221 219 215 221 224 227 229 228 223 217 213 213 210 206 203 201 199
212 207 200 193 187 180 173 168 157 154 149 144 141 141 143 145 144 142 141 141 142 142 139 137 138 138 138 138 139 139 140 140 139 141 142 142 142 143 146 149 156 160 166 172 177 182 188 192 196 197 198 199 200 201 201 201 205 205 206 207 209 212 214 215 215 215 215 214 214 213 212 212 210 209 210 212 215 216 215 213 217 220 224 227 227 224 220 218 214 212 209 207 206 203
210 205 198 191 184 177 170 165 156 153 148 143 141 141 143 144 144 141 138 137 138 139 138 137 136 136 137 137 138 138 138 138 140 141 143 144 144 146 149 152 160 164 170 175 179 184 188 191 194 195 197 199 201 203 205 206 209 209 210 211 212 213 213 214 212 211 210 208 207 207 207 207 205 208 210 211 211 210 210 210 214 216 221 224 226 226 224 223 218 216 213 212 211 209
208 203 196 188 181 174 167 162 155 151 145 142 141 142 143 144 144 140 136 134 135 136 137 137 136 137 137 137 138 138 138 139 140 142 144 145 146 148 151 154 162 166 171 176 179 182 185 188 189 190 192 195 198 202 205 206 209 209 211 212 213 213 212 212 208 207 205 202 201 201 202 203 202 207 211 211 207 204 206 209 214 216 219 222 224 225 225 225 222 220 217 216 214 211
206 201 194 186 179 172 164 159 154 149 143 140 141 143 144 143 143 139 135 132 133 135 136 137 137 138 138 138 139 139 139 140 140 142 144 145 146 148 151 154 160 164 169 173 176 178 180 182 181 182 185 188 192 197 201 204 205 206 209 211 212 211 210 209 205 203 200 197 197 197 199 201 202 207 211 209 204 202 206 211 218 218 219 220 221 223 224 224 224 222 220 218 216 211
205 201 193 185 178 170 163 158 153 147 141 139 141 143 144 143 142 139 134 132 133 135 136 136 138 138 138 138 139 139 140 140 140 141 143 144 144 146 149 152 155 160 165 170 172 173 175 176 176 177 179 183 188 193 198 201 201 204 207 210 210 209 207 205 202 199 195 193 192 194 198 200 203 206 208 206 202 202 207 212 220 219 217 216 216 218 219 220 223 222 220 219 217 212
205 200 193 185 177 169 162 157 152 146 139 138 141 144 144 143 141 138 135 133 134 135 135 135 136 136 137 137 138 138 138 138 139 141 142 142 142 143 146 149 151 156 162 167 169 170 171 173 175 176 178 181 186 192 197 201 202 204 208 210 209 206 202 200 197 195 191 188 188 191 196 199 204 204 203 201 199 202 208 213 218 216 213 211 211 212 215 216 220 220 219 219 219 215
205 200 193 185 177 169 161 156 151 145 138 137 141 144 144 143 141 138 135 134 135 136 135 134 135 135 135 136 136 137 137 137 139 140 141 141 141 141 144 146 149 154 161 165 168 169 170 171 177 177 179 182 187 193 198 202 204 206 209 210 209 204 199 196 194 191 187 185 185 189 195 198 204 202 200 197 197 202 208 213 215 212 209 207 206 209 212 214 217 217 218 220 221 218
207 202 194 186 178 171 164 160 158 150 142 140 144 148 150 149 143 141 139 136 135 136 137 138 136 135 134 134 135 137 138 140 143 140 140 142 140 138 140 146 148 153 160 165 167 168 170 171 174 177 182 187 191 196 200 203 208 208 208 208 206 202 195 190 191 188 184 180 181 186 195 201 201 198 195 194 197 201 206 209 213 209 205 203 204 205 206 206 209 213 219 222 220 216
207 202 195 187 181 174 168 164 159 152 145 143 146 150 151 150 143 142 139 136 135 135 136 136 135 135 134 134 135 136 138 140 142 139 139 141 140 137 140 146 149 154 160 165 168 169 171 172 175 181 188 193 195 196 199 202 204 204 205 206 205 200 193 188 188 186 183 181 182 187 193 198 198 195 192 191 195 200 205 208 210 207 202 200 201 203 204 204 207 212 218 221 220 217
207 203 196 189 183 177 172 168 162 156 151 149 151 153 153 152 144 142 139 137 135 134 134 134 135 135 134 134 134 136 138 139 140 138 138 140 139 137 140 146 150 154 161 165 168 170 172 173 177 184 193 196 195 193 195 198 199 200 202 204 204 199 192 186 184 182 180 179 181 186 192 195 194 191 187 188 192 198 203 206 206 203 198 196 197 199 200 200 203 208 215 219 220 219
208 203 196 190 184 179 173 169 166 162 158 155 156 156 154 152 144 143 140 137 135 134 133 133 135 134 133 133 134 136 138 139 139 137 137 140 139 138 141 147 151 155 161 166 169 171 174 176 178 185 192 193 189 187 190 194 197 199 202 205 205 201 194 188 184 180 176 175 178 184 191 194 191 187 184 186 191 198 202 203 201 198 194 192 194 196 197 198 199 204 211 216 218 220
208 204 197 190 184 179 173 169 170 168 165 162 160 157 154 152 145 143 141 139 137 135 134 133 134 134 133 133 134 135 137 138 138 136 137 140 140 139 142 148 152 156 162 166 169 172 176 178 183 187 189 188 185 185 189 194 196 198 201 205 206 203 197 192 186 180 173 170 175 182 190 193 189 185 183 185 192 198 200 199 195 192 188 188 190 193 195 196 195 200 206 211 214 217
207 203 197 191 186 181 176 173 175 174 172 168 163 157 152 149 144 144 142 141 139 137 136 135 134 133 133 132 133 135 137 138 138 137 138 141 141 140 144 150 154 157 163 167 170 174 178 180 187 187 187 185 185 187 191 194 195 196 198 201 203 202 198 195 186 180 172 170 174 182 187 190 185 182 181 186 193 197 196 192 187 184 182 182 185 190 193 194 192 196 201 206 209 213
205 201 196 192 189 186 182 179 178 178 177 172 165 157 150 146 144 144 143 142 141 139 138 137 134 133 132 132 133 135 137 138 139 137 138 142 143 142 146 152 155 158 163 167 171 175 179 182 185 183 182 183 187 190 190 189 191 191 192 195 198 198 196 194 185 179 173 173 178 183 184 183 181 179 179 185 193 195 190 184 178 176 174 176 180 186 189 191 190 193 197 201 204 208
203 200 196 193 192 190 187 185 180 181 179 174 166 156 149 145 144 144 144 144 142 141 140 139 134 133 132 132 133 134 136 138 139 138 139 143 143 143 147 154 155 158 163 167 171 175 180 183 179 177 177 181 187 190 187 183 187 187 187 190 193 194 194 192 182 178 175 177 182 184 182 178 179 177 178 185 192 193 187 179 172 170 169 171 177 183 187 189 189 192 195 198 201 205
204 201 197 194 193 193 192 190 190 185 176 168 162 157 152 150 147 144 141 139 138 137 135 133 129 129 130 131 132 132 133 134 133 135 138 141 145 148 151 152 162 162 165 169 173 175 175 173 176 178 181 180 178 175 173 172 177 181 183 185 190 196 196 192 185 177 173 176 180 177 173 171 169 174 181 186 187 182 176 172 168 166 165 166 171 178 183 186 189 191 194 199 203 207
206 203 200 198 197 197 195 194 189 183 175 168 162 157 153 150 150 147 143 140 139 137 135 133 128 129 129 130 131 132 133 133 134 135 137 141 145 149 153 155 161 164 167 170 172 171 170 170 175 176 177 176 172 170 168 169 173 177 181 184 189 196 195 191 183 175 170 172 175 172 167 165 167 172 179 185 185 180 173 168 165 164 164 166 171 177 182 185 189 191 194 198 203 207
208 206 202 201 200 199 197 196 190 185 177 171 165 161 156 153 152 149 145 141 139 137 134 131 128 129 129 130 131 131 132 132 134 135 137 141 146 151 156 159 162 166 170 170 167 165 165 167 173 173 172 169 165 162 162 163 168 173 178 182 188 195 195 190 181 172 166 167 169 166 161 159 165 170 178 183 182 177 169 164 160 161 163 167 171 177 182 185 189 191 194 198 203 208
210 207 204 202 202 200 198 195 193 189 182 176 171 167 162 159 152 148 144 140 138 135 132 129 129 129 130 130 131 131 132 132 134 135 138 141 147 153 159 162 165 168 169 165 160 158 162 167 173 172 169 164 159 157 157 159 162 169 175 180 187 193 193 188 177 168 162 164 166 163 159 158 164 169 176 180 180 174 166 161 158 161 165 168 173 177 182 186 191 193 196 201 206 211
213 210 207 205 204 202 198 195 193 188 182 177 172 167 162 158 147 144 140 137 135 133 130 127 131 131 131 131 131 132 132 132 135 136 139 144 149 155 161 164 167 168 165 158 152 153 161 169 173 171 167 162 156 154 155 156 160 166 174 179 186 192 190 184 174 165 159 161 164 163 160 159 163 167 173 177 176 171 164 160 159 162 167 170 173 178 184 188 193 195 199 204 210 214
216 214 211 208 206 202 197 194 187 183 177 171 166 160 154 150 142 139 136 133 133 132 129 128 133 133 133 133 133 133 133 133 135 137 142 147 152 157 161 163 166 163 158 153 150 154 163 170 171 170 166 161 155 153 153 155 160 167 174 180 186 189 186 179 171 162 156 158 161 160 158 158 161 164 168 171 171 167 163 159 161 164 168 171 172 177 184 189 193 197 202 208 212 215
215 213 209 206 202 197 192 188 181 177 171 165 160 153 147 142 137 135 132 132 132 132 131 130 134 134 134 134 134 134 134 134 135 139 144 150 155 159 161 162 160 157 153 151 152 157 164 168 168 168 165 160 155 152 152 153 161 168 176 181 186 188 182 175 168 159 151 153 156 154 152 152 157 159 162 164 164 163 160 158 162 165 168 169 169 174 182 189 192 196 203 210 213 214
211 209 205 201 197 191 185 181 179 175 169 163 157 150 143 138 135 133 131 131 133 134 133 132 136 136 135 135 135 135 135 135 135 139 146 152 157 160 160 160 154 152 150 151 155 161 164 166 166 166 164 160 155 151 151 151 163 170 177 182 185 186 180 172 167 156 149 149 151 149 146 146 154 155 157 159 159 159 158 157 162 165 167 167 167 171 180 188 190 195 203 210 213 212
206 203 199 196 192 187 182 178 172 169 164 160 155 148 141 136 131 132 132 132 133 133 134 134 138 136 134 132 132 134 136 138 138 143 150 157 160 159 156 154 150 146 145 149 156 162 163 162 160 162 162 161 157 155 154 154 161 167 175 182 183 179 173 168 160 151 145 143 143 141 142 146 150 151 152 155 158 161 163 165 165 166 168 171 176 181 185 188 196 199 205 211 214 212
198 197 194 192 188 182 175 169 163 161 158 155 151 146 140 135 134 134 135 136 136 136 135 135 138 137 134 133 133 135 138 139 140 145 151 156 158 157 153 151 147 145 144 148 156 161 161 159 158 159 161 160 156 153 152 152 159 164 173 179 180 176 169 164 158 150 142 140 140 139 141 145 147 149 153 157 161 164 166 166 171 171 172 175 179 184 189 192 197 200 205 210 214 213
192 191 190 188 184 177 169 162 155 154 153 152 151 147 142 138 137 139 140 142 141 140 138 136 138 137 135 134 134 137 139 141 144 147 152 155 155 153 149 146 144 143 144 149 155 158 157 155 154 157 159 159 156 152 149 148 156 162 170 176 176 171 164 159 156 146 138 136 135 135 139 144 145 148 153 159 164 168 170 171 177 176 176 178 182 188 193 197 200 201 205 209 212 212
193 191 187 184 180 174 167 162 155 154 154 155 155 152 147 143 142 143 146 147 146 143 140 137 137 136 135 135 136 137 140 141 147 149 151 153 151 148 144 141 142 143 145 151 155 157 155 152 152 155 159 159 156 151 148 146 155 160 168 173 173 168 161 156 153 143 134 132 132 134 138 144 148 150 154 160 167 173 177 180 182 181 181 182 185 191 196 200 204 205 206 209 211 210
197 192 185 179 175 171 168 165 159 159 159 160 160 157 152 148 147 149 150 151 149 146 142 140 138 138 137 137 137 138 140 141 149 149 150 150 148 144 140 138 141 144 147 152 155 156 154 151 152 155 158 159 155 151 147 146 154 159 167 172 172 167 160 155 149 140 132 131 132 135 140 147 154 155 157 162 168 177 184 188 188 188 187 189 192 196 201 204 207 207 208 209 209 206
200 194 185 177 173 170 168 167 164 164 165 167 167 164 159 154 155 156 156 155 153 150 146 144 142 142 141 141 141 141 142 142 148 148 148 147 144 141 139 137 142 144 148 152 154 153 152 151 152 154 157 157 153 149 147 146 152 157 165 171 171 167 160 155 146 138 132 133 136 139 145 151 160 160 162 167 173 181 188 193 194 194 194 196 199 202 205 207 207 207 208 209 208 204
204 198 190 183 178 175 172 170 170 171 174 176 177 175 170 165 164 163 162 160 157 154 152 150 148 148 147 146 145 145 145 144 147 146 145 144 142 140 138 137 141 144 147 149 150 150 150 150 151 153 154 153 150 147 145 145 149 154 163 169 170 166 159 154 144 137 133 136 140 144 149 155 162 165 169 174 180 186 190 192 193 194 196 198 201 203 204 205 202 203 206 208 208 205
207 202 196 190 185 181 176 173 176 177 180 184 186 185 180 176 169 168 166 163 160 157 155 154 153 152 151 150 149 148 147 147 145 145 144 143 141 140 139 138 140 143 146 147 147 147 148 149 150 151 152 150 147 144 144 144 146 152 161 167 169 165 158 154 143 137 135 139 144 147 153 158 163 167 174 181 186 189 189 189 189 191 194 197 199 200 200 200 197 200 204 208 209 205
