gdal2agswps/data/aaigrid
ncols        633
nrows        466
xllcorner    590010.000000000000
yllcorner    4914020.000000000000
cellsize     30.000000000000
[rows 84 to 125 of 466, columns 282 to 375 of 633]
215 221 222 220 223 228 239 238 237 236 237 239 242 244 236 234 230 227 225 222 218 215 211 216 222 229 234 241 249 254 255 255 255 255 255 255 255 255 254 250 246 242 239 236 232 229 225 224 222 221 219 217 216 216 222 221 220 219 217 215 214 214 217 214 209 206 204 201 198 195 190 190 191 191 191 189 188 187 189 188 186 185 186 189 192 194 195 193 196 201 203 201 202 205
219 224 223 221 224 231 237 236 234 232 231 232 236 239 229 227 224 223 222 219 215 212 213 217 223 226 230 235 244 250 253 254 255 255 255 255 254 253 249 246 242 239 237 233 229 226 223 221 220 218 216 216 215 215 219 218 217 215 213 212 210 210 215 212 208 205 203 201 198 196 191 191 192 193 192 190 188 187 190 189 187 187 187 189 192 193 195 193 195 200 201 200 200 203
222 227 228 226 227 230 235 232 230 230 233 234 232 230 225 224 223 223 224 222 219 216 216 220 224 225 225 229 237 244 245 248 252 255 255 252 248 245 242 239 236 234 232 229 225 222 221 220 218 216 215 214 215 215 216 216 215 213 212 210 209 209 209 206 203 200 199 198 196 194 192 193 194 195 195 193 191 190 190 190 189 189 189 190 190 191 195 193 195 200 201 199 200 203
217 223 227 225 222 221 235 230 227 232 240 241 233 224 228 227 227 228 230 229 226 224 219 222 224 223 222 225 232 239 236 240 245 249 249 245 240 236 237 234 232 230 228 226 222 219 220 218 216 215 214 214 215 215 217 217 216 215 213 212 211 211 204 201 198 196 196 195 193 191 192 193 196 197 198 197 195 194 191 191 190 190 190 190 190 189 196 194 196 200 202 200 200 203
222 222 223 226 228 230 238 235 232 232 234 234 232 229 227 227 227 228 229 226 221 217 224 224 224 225 226 226 227 227 231 233 236 239 240 237 232 228 230 229 227 225 222 221 220 220 216 217 218 215 212 211 214 218 216 214 212 212 213 212 210 209 203 202 199 197 196 195 196 196 195 197 199 201 201 199 196 194 191 191 190 189 189 190 192 193 192 193 195 196 198 201 206 209
216 218 221 225 229 231 234 231 228 227 228 227 224 221 228 227 226 226 225 222 217 212 218 218 219 220 221 221 221 221 225 227 230 234 234 232 228 225 226 225 223 222 221 220 220 220 216 216 215 214 212 212 214 216 217 215 212 211 210 209 206 204 203 202 200 199 198 199 200 200 200 202 203 204 203 200 197 195 192 192 193 193 193 192 192 191 191 193 196 198 199 201 205 208
218 221 224 228 230 232 237 235 232 230 229 227 224 222 228 226 225 224 222 218 212 208 214 215 217 218 218 217 216 215 217 220 224 227 227 226 223 221 221 220 219 219 218 219 219 219 217 214 212 211 212 213 213 213 217 214 211 209 207 205 202 199 201 200 199 199 199 201 202 204 203 204 205 205 203 200 197 195 194 195 197 198 197 195 192 191 191 194 198 200 201 203 206 208
228 230 231 231 231 231 238 237 235 233 232 230 228 227 226 225 223 222 221 218 213 209 216 217 219 220 220 218 217 215 212 216 220 223 223 221 220 219 220 219 218 217 217 217 217 217 216 212 208 208 211 212 211 209 213 211 208 206 205 203 200 198 196 196 196 196 198 200 203 204 201 201 202 202 201 199 197 196 199 199 199 198 197 196 194 193 193 196 201 204 205 205 207 208
233 233 232 231 229 228 230 231 230 229 227 226 225 225 224 223 222 221 221 220 217 214 219 219 220 220 220 218 217 215 211 215 220 222 221 219 219 220 220 219 218 216 215 214 214 214 214 210 206 206 209 210 209 207 208 206 204 204 204 204 202 200 196 196 196 197 198 201 204 205 198 199 200 201 201 201 200 199 203 201 198 196 195 195 196 198 195 199 203 206 206 207 208 210
229 229 228 228 228 228 227 228 229 227 225 224 224 225 222 221 220 221 222 222 220 218 218 218 217 216 215 214 213 213 211 215 220 221 218 216 217 219 219 218 216 215 213 212 212 212 211 208 206 205 206 207 207 207 205 204 203 203 205 206 205 203 200 200 199 199 201 203 205 207 199 200 201 202 203 203 203 203 203 200 196 193 193 194 197 200 196 199 202 204 205 206 208 210
230 229 229 229 231 232 230 232 232 230 226 224 225 226 221 220 219 220 221 221 220 218 217 216 213 211 209 209 210 211 209 214 218 218 215 212 213 216 214 213 212 211 211 211 211 211 207 207 207 205 203 203 205 207 206 205 204 204 206 207 206 205 203 202 201 200 201 202 203 205 200 200 200 201 201 201 201 201 199 197 195 193 193 194 197 198 196 197 199 200 201 202 205 208
236 233 232 233 235 236 231 232 233 229 224 221 221 223 222 220 219 219 220 220 218 216 218 216 212 208 207 207 209 210 208 212 217 216 211 208 210 213 209 209 209 209 209 210 211 212 205 207 207 205 201 201 204 208 208 206 205 205 207 207 206 205 202 201 200 198 198 199 200 201 199 199 199 198 197 197 196 196 195 194 194 194 195 195 195 196 194 196 197 197 197 199 203 206
233 231 231 230 228 225 221 222 224 226 226 225 223 222 217 220 222 220 221 222 218 211 213 210 207 206 207 209 210 209 207 208 210 211 211 210 208 207 204 204 203 202 202 201 200 200 197 199 200 201 201 199 197 195 199 199 198 197 197 197 198 198 200 199 197 195 195 197 199 200 197 197 197 196 195 193 191 190 193 193 193 194 195 196 197 198 199 198 196 196 197 200 204 206
237 235 234 232 229 225 230 229 228 227 226 225 225 224 218 221 221 220 221 223 220 214 215 212 209 208 209 211 211 211 210 210 210 211 211 210 210 210 205 205 204 204 203 202 201 201 199 201 202 204 203 201 199 197 198 197 197 196 196 197 197 198 201 199 197 196 196 197 199 201 199 198 197 196 195 194 193 192 195 194 194 194 195 196 197 198 200 199 198 198 199 202 205 207
240 240 240 238 235 232 237 235 232 228 226 225 224 224 219 220 219 216 218 221 219 215 216 214 211 210 211 212 212 212 211 211 211 211 211 211 211 211 206 206 205 204 204 203 202 202 202 203 205 206 206 204 201 200 197 197 196 196 196 197 197 198 202 200 198 197 197 198 200 202 201 200 198 196 195 194 195 195 197 197 196 196 196 197 197 198 202 201 200 200 201 204 206 207
241 244 246 245 243 241 235 234 232 230 227 225 223 222 221 221 218 214 214 217 216 212 216 214 211 210 211 212 211 210 207 208 210 212 212 211 210 209 205 205 205 204 204 203 203 203 203 205 206 207 207 205 203 201 199 199 198 198 198 199 200 200 203 201 199 198 198 199 201 203 203 201 198 196 195 196 197 198 200 199 198 197 197 198 198 198 203 203 203 203 204 206 207 208
245 248 248 247 245 244 231 232 234 234 232 228 224 221 227 226 222 216 215 217 216 212 214 212 210 209 210 210 209 207 202 205 209 213 213 211 207 205 205 204 204 204 204 203 203 203 204 205 207 208 208 206 203 202 202 202 202 202 202 203 204 205 204 203 201 199 199 201 203 204 204 202 200 198 197 198 199 201 201 201 200 199 199 199 200 200 203 204 205 206 207 207 207 207
250 250 247 243 240 239 231 233 236 238 237 232 227 224 231 231 226 220 219 221 220 215 213 211 209 209 209 208 206 204 201 204 208 212 212 210 207 204 205 205 205 205 205 205 205 205 205 207 208 209 209 207 205 203 205 205 205 205 206 207 208 209 205 204 202 200 200 202 204 205 204 203 201 200 200 200 201 202 202 201 201 200 201 201 202 203 203 204 206 208 208 208 207 206
253 250 245 240 237 237 233 235 236 237 235 231 227 225 228 229 226 221 221 224 222 217 212 211 209 209 209 208 206 203 204 205 207 209 210 210 209 209 208 208 208 208 208 208 208 208 208 209 211 212 211 210 207 206 207 206 206 207 208 209 210 211 206 205 203 201 201 203 205 206 204 203 203 203 202 202 202 202 202 201 201 201 202 203 204 205 203 204 207 209 209 208 206 204
252 249 244 239 238 238 235 234 234 232 230 227 224 223 222 223 222 219 220 223 222 217 213 211 210 210 210 209 206 203 209 208 207 206 207 209 212 214 210 210 210 210 210 211 211 211 210 211 213 214 213 212 209 208 207 207 207 207 208 209 211 212 207 205 203 202 202 203 205 207 203 203 204 204 204 203 202 202 201 201 201 202 203 204 206 207 202 204 207 209 209 208 205 203
255 255 253 248 244 241 236 233 232 234 238 236 229 223 222 219 217 219 222 221 215 208 209 210 211 210 207 203 201 201 195 200 206 210 211 210 210 210 213 213 212 212 212 212 213 214 213 212 212 211 211 212 212 213 214 210 207 209 215 217 214 210 208 207 205 204 203 204 205 206 203 203 203 202 202 201 201 201 198 199 201 203 205 207 209 209 208 207 206 205 205 206 207 208
251 254 254 251 248 247 236 235 235 236 238 236 231 226 216 214 213 215 218 219 216 212 213 213 212 210 208 205 204 203 199 203 209 213 213 213 212 212 216 216 216 215 215 215 215 215 213 213 213 212 212 213 213 213 216 213 211 211 213 214 211 208 207 206 204 203 203 203 204 205 203 203 203 202 202 202 202 202 197 199 201 203 206 209 211 212 211 210 209 208 208 209 210 211
251 253 253 250 249 248 237 238 239 238 236 232 227 224 211 211 212 214 216 218 219 219 220 218 215 211 209 207 207 206 203 208 213 216 216 215 215 215 218 219 220 220 220 218 216 215 216 216 216 216 216 216 216 216 218 217 215 214 212 210 209 207 208 207 206 205 205 205 205 206 203 203 203 203 203 203 204 204 198 199 201 204 207 210 212 214 213 212 211 211 211 211 212 213
254 254 251 247 245 244 240 242 243 240 234 228 223 221 214 216 217 218 218 220 223 226 228 223 218 213 210 209 208 207 207 211 215 218 218 217 216 217 219 221 222 223 222 220 217 216 219 219 220 220 220 220 219 219 218 219 218 215 212 209 209 209 210 209 209 208 208 208 208 208 204 204 204 204 205 205 205 205 202 203 204 206 208 210 211 212 213 212 212 212 212 212 212 213
255 254 250 247 245 244 242 244 245 243 238 233 229 227 223 224 225 225 224 224 227 229 232 226 219 214 211 210 209 208 210 213 216 218 217 216 217 217 219 220 222 223 223 221 218 216 218 218 219 220 220 219 218 218 217 218 218 216 213 211 211 212 209 209 209 208 208 207 207 206 205 205 205 206 206 206 206 206 206 206 207 207 208 208 208 208 210 210 211 211 211 211 210 210
255 254 252 250 250 251 244 245 247 247 246 243 239 236 230 229 229 228 228 227 227 226 230 224 217 213 213 213 212 210 212 215 217 218 217 216 217 217 219 220 221 222 222 221 220 219 216 217 218 219 219 218 217 216 218 217 216 216 215 214 213 213 206 206 207 207 207 206 205 204 208 208 207 207 207 206 206 206 209 208 208 207 207 206 206 206 207 208 209 209 209 209 208 207
255 254 253 253 255 255 248 247 246 248 249 246 240 235 229 227 225 226 228 227 223 219 222 217 212 212 215 217 216 214 215 217 219 219 218 217 218 218 220 220 221 222 222 223 223 224 219 220 222 223 223 222 220 219 221 218 215 215 217 216 213 210 207 208 209 209 209 207 206 205 211 210 209 208 207 206 205 205 207 207 207 207 206 206 206 205 206 206 207 208 208 207 206 206
255 255 254 254 255 255 253 249 246 246 247 243 234 227 226 222 220 223 226 226 219 213 215 211 208 210 216 220 220 217 217 219 221 221 219 218 219 220 221 221 221 222 223 224 226 227 224 225 227 229 229 227 225 224 224 219 215 215 217 217 213 208 211 211 212 213 213 211 210 209 212 212 210 209 207 206 205 204 205 205 206 206 206 206 206 207 205 206 207 208 208 207 206 205
255 255 255 255 255 255 252 248 242 239 238 236 232 229 234 231 226 222 219 217 214 212 217 218 219 221 222 221 218 215 212 215 221 225 227 227 225 223 223 222 222 222 223 225 227 228 227 227 229 232 235 235 233 231 225 223 219 215 212 211 211 211 209 211 213 215 216 215 213 212 214 214 214 214 214 212 208 204 203 202 201 204 208 209 207 205 211 209 208 208 209 209 207 205
255 255 255 255 255 255 254 249 242 238 237 236 235 233 231 230 230 230 227 221 213 207 213 217 222 227 229 227 222 219 219 220 223 225 226 226 225 225 223 223 223 223 224 225 227 227 225 226 227 230 233 233 231 228 227 225 221 218 215 214 214 214 210 211 213 214 214 214 213 213 217 216 215 215 215 214 210 207 205 203 202 203 207 209 208 207 209 207 205 205 206 206 204 203
255 255 255 255 255 255 255 251 244 239 237 237 238 238 232 232 231 231 228 222 215 209 214 219 227 232 233 230 224 219 225 225 224 224 225 225 226 227 223 224 225 226 227 227 227 227 225 225 227 229 231 231 228 226 226 225 222 218 216 215 215 215 215 215 214 214 215 215 216 216 219 217 215 215 215 215 213 211 208 206 203 203 205 208 209 209 206 205 203 203 203 203 201 199
255 255 255 255 255 255 255 253 249 245 243 241 240 240 235 232 228 225 223 222 220 218 218 223 229 232 231 226 221 218 225 225 226 226 226 227 227 228 224 225 227 229 229 229 228 227 227 227 228 230 231 230 227 224 223 222 220 217 215 214 214 214 220 218 217 215 216 217 219 220 219 217 214 214 215 215 215 213 212 209 206 204 205 207 210 212 206 204 202 202 202 202 200 198
255 255 255 255 255 255 254 255 255 253 249 245 241 239 231 228 225 223 223 223 222 221 219 222 226 227 225 223 222 222 222 224 226 229 230 230 229 229 226 227 229 230 231 230 229 228 230 230 230 232 233 231 227 224 222 222 220 219 217 216 215 215 220 218 216 214 214 215 218 219 217 215 213 213 215 215 215 214 214 212 209 206 205 207 211 214 208 206 204 203 204 203 201 199
255 255 255 255 255 255 254 255 255 255 251 245 239 237 224 225 227 229 230 227 221 216 215 219 223 223 223 224 228 232 224 226 229 232 233 233 232 231 229 230 231 231 231 231 230 230 234 233 233 234 234 232 228 224 224 223 223 222 221 220 219 219 217 215 213 211 211 212 214 215 215 214 213 214 216 217 216 214 216 215 212 208 206 207 211 215 210 208 206 205 205 204 202 200
255 255 255 255 255 255 254 255 255 254 248 241 237 235 228 229 230 231 231 227 221 216 216 220 225 226 225 227 233 238 232 232 233 233 234 234 235 235 232 232 231 231 231 231 232 232 235 234 234 234 234 231 227 223 223 223 223 223 222 221 220 220 217 216 214 213 212 213 214 214 215 214 215 217 219 219 217 215 216 216 215 211 208 208 211 215 212 210 207 206 206 205 203 201
255 255 255 255 255 255 255 255 255 251 243 237 234 234 239 235 231 227 226 224 222 221 220 225 230 231 229 229 233 238 241 239 236 234 233 235 237 238 234 233 232 231 230 231 233 233 235 234 234 234 233 231 226 222 220 221 221 221 220 220 219 218 219 219 218 217 216 216 216 216 215 215 217 220 222 222 219 216 216 217 216 213 209 208 211 215 212 210 207 206 206 205 203 201
255 255 255 255 255 255 254 254 253 251 249 247 245 245 244 243 237 229 227 228 226 221 225 233 237 233 229 231 234 234 233 234 236 237 237 236 234 232 231 232 233 234 235 235 234 234 236 237 237 235 231 228 227 227 225 224 223 222 222 222 222 223 217 216 216 215 215 215 215 216 214 216 219 221 221 219 217 215 214 217 219 218 214 210 210 211 215 214 212 210 209 209 209 210
255 255 255 255 255 255 253 253 254 254 253 249 246 244 244 243 237 230 228 230 229 225 222 229 233 230 227 229 232 232 229 231 233 235 236 236 235 234 235 235 236 237 236 236 234 234 240 240 238 235 230 227 225 224 224 224 223 223 222 223 223 223 221 220 219 217 216 216 215 216 216 217 218 219 219 218 216 215 214 217 218 216 212 210 210 211 214 213 212 210 209 208 207 207
255 255 255 255 255 255 252 254 255 255 255 252 247 244 241 240 234 227 225 228 227 224 221 228 232 230 228 231 234 234 229 231 234 236 238 239 238 238 239 240 240 240 239 238 236 235 240 238 236 232 229 227 226 225 223 223 223 223 223 224 224 224 225 224 222 220 219 218 217 217 219 218 218 218 217 216 216 216 215 216 216 214 211 210 210 212 214 214 213 211 210 207 205 204
255 255 255 255 255 255 254 255 255 255 255 253 250 249 245 243 237 229 227 229 228 223 224 231 235 234 234 238 240 240 235 236 238 240 242 243 243 243 241 242 244 244 243 241 239 238 234 232 230 229 229 229 229 229 222 223 224 224 224 224 224 224 226 225 224 222 221 221 221 221 222 221 219 217 217 217 217 218 216 215 214 212 210 210 211 212 215 215 215 214 211 208 205 203
255 255 255 255 255 255 255 255 255 254 253 253 254 254 255 255 248 240 236 236 233 227 226 232 236 236 238 244 246 245 240 240 241 242 243 244 244 244 243 244 246 248 247 245 242 241 232 229 227 228 230 231 230 228 223 224 225 225 225 225 224 223 224 224 223 223 223 224 225 225 223 222 220 218 218 218 220 221 217 215 213 211 211 212 212 213 216 216 216 214 212 209 206 204
255 255 255 255 255 255 255 255 254 252 252 253 255 255 255 255 252 244 240 238 232 225 225 230 234 235 239 246 248 246 241 241 241 242 243 243 244 244 246 248 250 250 249 246 243 241 234 232 230 230 232 232 228 225 224 225 226 227 226 225 223 222 223 222 222 223 223 224 226 226 221 220 219 218 218 219 220 221 217 215 213 213 214 214 214 212 215 215 214 213 211 209 207 206
